 0  0  7  13  0  0  0  0  8  4  10  0  14  0  12  0 
 0  0  0  0  0  0  0  0  0  0  0  0  0  0  0  0 
 0  0  0  11  0  0  0  0  0  0  0  12  0  0  0  6 
 0  12  14  10  13  5  4  9  0  0  0  1  0  0  0  0 
 0  13  0  0  0  15  0  2  0  10  14  0  7  0  0  3 
 0  7  0  1  11  14  0  0  0  3  5  0  0  6  0  0 
 9  0  0  0  0  4  1  0  12  7  15  11  8  0  0  0 
 2  14  0  0  0  0  0  0  0  0  0  0  0  0  0  0 
 3  1  8  0  6  0  0  4  0  0  13  15  11  10  9  12 
 0  0  0  0  0  0  2  5  0  11  12  7  13  0  0  0 
 0  0  6  0  0  0  0  0  0  1  9  0  0  0  0  0 
 0  0  0  0  0  0  0  11  0  0  0  0  0  0  5  0 
 0  0  0  0  0  0  0  0  0  0  0  0  0  0  0  0 
 0  0  0  0  14  0  0  13  5  0  0  8  12  0  15  0 
 0  0  0  0  0  0  0  0  0  0  0  0  0  0  0  0 
 0  0  0  0  0  0  0  0  0  0  0  0  2  0  0  0 
