 1  11  0  0  0  13  3  16  15  7  6  0  12  9  0  2 
 0  3  8  12  10  6  9  0  13  4  5  0  14  7  15  0 
 0  6  4  7  15  2  12  14  9  3  8  10  0  0  0  13 
 14  0  13  15  0  1  5  0  0  16  0  2  10  3  8  0 
 0  16  12  8  14  0  10  2  7  1  4  3  6  15  13  11 
 15  14  0  0  0  0  16  3  0  5  0  0  4  0  9  0 
 10  5  0  4  11  9  7  13  8  0  2  12  3  1  16  14 
 0  0  3  1  6  15  4  8  16  0  14  0  0  0  7  0 
 0  4  0  14  2  0  0  7  0  9  1  5  0  0  0  0 
 5  1  16  6  13  3  14  10  2  12  7  8  15  4  11  9 
 3  8  0  9  12  16  1  5  4  0  11  0  13  14  2  7 
 12  7  11  2  9  4  6  15  3  14  13  16  1  8  10  5 
 7  0  14  0  4  11  15  1  5  0  9  6  2  13  3  10 
 0  0  1  0  5  0  0  0  12  0  16  4  8  0  0  0 
 0  15  9  11  0  10  0  12  14  2  3  0  7  6  5  1 
 0  10  0  5  0  14  0  6  1  11  15  7  0  16  0  0 
