 1  11  5  10  8  13  3  16  15  7  6  14  12  9  4  2 
 2  3  8  12  10  6  9  11  13  4  5  1  14  7  15  16 
 16  6  4  7  15  2  12  14  9  3  8  10  11  5  1  13 
 14  9  13  15  7  1  5  4  11  16  12  2  10  3  8  6 
 9  16  12  8  14  5  10  2  7  1  4  3  6  15  13  11 
 15  14  7  13  1  12  16  3  6  5  10  11  4  2  9  8 
 10  5  6  4  11  9  7  13  8  15  2  12  3  1  16  14 
 11  2  3  1  6  15  4  8  16  13  14  9  5  10  7  12 
 13  4  15  14  2  8  11  7  10  9  1  5  16  12  6  3 
 5  1  16  6  13  3  14  10  2  12  7  8  15  4  11  9 
 3  8  10  9  12  16  1  5  4  6  11  15  13  14  2  7 
 12  7  11  2  9  4  6  15  3  14  13  16  1  8  10  5 
 7  12  14  16  4  11  15  1  5  8  9  6  2  13  3  10 
 6  13  1  3  5  7  2  9  12  10  16  4  8  11  14  15 
 4  15  9  11  16  10  8  12  14  2  3  13  7  6  5  1 
 8  10  2  5  3  14  13  6  1  11  15  7  9  16  12  4 
